MEMORY
  total           14540 KB
  struct            159 KB
  buffer             45 KB
  arena           14336 KB, used 0.3%

SIZES
  narena                14680064
  nbuffer               45824
  nplugin               0
  maxuse_stack          19400
  maxuse_arena          49928
  maxuse_con            4
  maxuse_efc            22
  ncon                  4
  ne                    0
  nf                    6
  nl                    0
  nefc                  22
  nJ                    264
  nA                    0
  nisland               1
  nidof                 12
  ntree_awake           1
  nbody_awake           36
  nparent_awake         35
  nv_awake              12
  flg_energypos         0
  flg_energyvel         0
  flg_subtreevel        0
  flg_rnepost           0
  threadpool            0

TIMER
    0:  duration =  0.37       number = 4
    1:  duration =  0.35       number = 4
    2:  duration =  0          number = 0
    3:  duration =  0.26       number = 4
    4:  duration =  0.025      number = 4
    5:  duration =  0.009      number = 4
    6:  duration =  0.05       number = 4
    7:  duration =  0.018      number = 4
    8:  duration =  0.058      number = 4
    9:  duration =  0.017      number = 4
    10:  duration =  0.11       number = 4
    11:  duration =  0.068      number = 4
    12:  duration =  0.0007     number = 4
    13:  duration =  0.057      number = 4
    14:  duration =  0.051      number = 4

SOLVER STAT
  solver_fwdinv =   0         0       
  ISLAND 0
    solver_niter = 1
    solver_nnz = 144
      0:  improvement =  0           gradient =  5.6e-17     lineslope =  0       
          nactive = 22   nchange = 0   neval = 2   nupdate = 0

ENERGY =   0         0       

TIME =  23      

QPOS
  -0.056   
  -0.09    
   0.05    
   0.91    
   0.41    
  -0.029   
  -0.065   
  -0.00022 
   0.0093  
  -0.00023 
  -2.7e-06 
  -1.2e-05 
  -0.0002  

QVEL
  -3.2e-11 
   4.6e-12 
   3e-14   
  -5e-13   
  -8.6e-10 
  -7.7e-10 
   4.2e-14 
  -2.9e-14 
  -7.4e-16 
  -6e-09   
  -4.3e-16 
   7.2e-16 

QACC_WARMSTART
   1.9e-11 
  -1.2e-12 
  -1.1e-12 
   9.3e-12 
   5.6e-10 
   4.8e-10 
   6.7e-12 
  -2.2e-11 
   3.1e-13 
   4.8e-09 
   4.3e-13 
  -2.5e-12 

CTRL
   0       
   0       
   0       
   0       
   0       
   0       

QFRC_APPLIED
   0       
   0       
   0       
   0       
   0       
   0       
   0       
   0       
   0       
   0       
   0       
   0       

XFRC_APPLIED
   0         0         0         0         0         0       
   0         0         0         0         0         0       
   0         0         0         0         0         0       
   0         0         0         0         0         0       
   0         0         0         0         0         0       
   0         0         0         0         0         0       
   0         0         0         0         0         0       
   0         0         0         0         0         0       
   0         0         0         0         0         0       
   0         0         0         0         0         0       
   0         0         0         0         0         0       
   0         0         0         0         0         0       
   0         0         0         0         0         0       
   0         0         0         0         0         0       
   0         0         0         0         0         0       
   0         0         0         0         0         0       
   0         0         0         0         0         0       
   0         0         0         0         0         0       
   0         0         0         0         0         0       
   0         0         0         0         0         0       
   0         0         0         0         0         0       
   0         0         0         0         0         0       
   0         0         0         0         0         0       
   0         0         0         0         0         0       
   0         0         0         0         0         0       
   0         0         0         0         0         0       
   0         0         0         0         0         0       
   0         0         0         0         0         0       
   0         0         0         0         0         0       
   0         0         0         0         0         0       
   0         0         0         0         0         0       
   0         0         0         0         0         0       
   0         0         0         0         0         0       
   0         0         0         0         0         0       
   0         0         0         0         0         0       
   0         0         0         0         0         0       

QACC
   1.9e-11 
  -1.2e-12 
  -1.1e-12 
   9.3e-12 
   5.6e-10 
   4.8e-10 
   6.7e-12 
  -2.2e-11 
   3.1e-13 
   4.8e-09 
   4.3e-13 
  -2.5e-12 

TREE_ASLEEP
  -11

XPOS
   0         0         0       
   0         0         0       
  -0.056    -0.09      0.05    
  -0.056    -0.09      0.05    
  -0.037     0.036     0.14    
   0.0032    0.056     0.16    
   0.022     0.053     0.16    
   0.059     0.048     0.16    
  -0.038     0.034     0.19    
  -0.04      0.02      0.2     
  -0.044    -0.008     0.23    
  -0.046    -0.022     0.24    
  -0.087    -0.045     0.26    
  -0.11     -0.042     0.26    
  -0.14     -0.037     0.26    
  -0.012    -0.055     0.26    
   0.029    -0.032     0.24    
  -0.03      0.089     0.14    
  -0.028     0.1       0.13    
  -0.024     0.13      0.1     
  -0.022     0.14      0.09    
  -0.12     -0.0024    0.081   
  -0.16      0.00092   0.12    
  -0.16     -0.034     0.079   
  -0.17     -0.073     0.11    
  -0.17     -0.074     0.13    
  -0.17     -0.076     0.17    
  -0.13     -0.077     0.077   
  -0.2      -0.066     0.077   
  -0.24     -0.062     0.11    
  -0.25     -0.098     0.075   
  -0.15      0.04      0.083   
  -0.18      0.082     0.085   
  -0.2       0.085     0.085   
  -0.24      0.09      0.085   
   0.03     -0.024     0.081   

XQUAT
   1         0         0         0       
   1         0         0         0       
   0.91      0.41     -0.029    -0.065   
   0.91      0.41     -0.029    -0.065   
   0.66      0.33      0.62      0.24    
  -0.018     0.76      0.65      0.021   
  -0.018     0.76      0.65      0.021   
  -0.018     0.76      0.65      0.021   
   0.2       0.38      0.3       0.85    
   0.2       0.38      0.3       0.85    
   0.19      0.38      0.3       0.85    
   0.064     0.026     0.35      0.93    
  -0.31      0.6      -0.69     -0.27    
  -0.31      0.6      -0.69     -0.27    
  -0.31      0.6      -0.69     -0.27    
  -0.6      -0.31     -0.27      0.69    
  -0.68      0.29      0.64     -0.2     
   0.026    -0.067    -0.93      0.36    
   0.026    -0.067    -0.93      0.36    
   0.026    -0.067    -0.93      0.36    
   0.38     -0.2      -0.85      0.3     
   0.76      0.018    -0.02      0.65    
   0.052     0.049     0.69      0.72    
   0.072    -0.0019   -0.027     1       
  -0.21     -0.23      0.65      0.69    
  -0.21     -0.23      0.65      0.69    
  -0.21     -0.23      0.65      0.69    
  -0.6      -0.31     -0.27      0.69    
  -0.55      0.45     -0.52     -0.48    
   0.45      0.48     -0.52     -0.55    
  -0.072     0.0019    0.027    -1       
  -1        -0.027     0.0019    0.072   
  -0.71      0.23     -0.27     -0.61    
  -0.71      0.23     -0.27     -0.61    
  -0.71      0.23     -0.27     -0.61    
  -0.45     -0.55     -0.48      0.52    

XMAT
   1         0         0         0         1         0         0         0         1       
   1         0         0         0         1         0         0         0         1       
   0.99      0.095    -0.11     -0.14      0.66     -0.74      1.1e-05   0.74      0.67    
   0.99      0.095    -0.11     -0.14      0.66     -0.74      1.1e-05   0.74      0.67    
   0.11      0.095     0.99      0.74      0.66     -0.14     -0.67      0.74      1.1e-05 
   0.14      0.99      0.0079    0.99     -0.14      0.054     0.055     1.1e-05  -1       
   0.14      0.99      0.0079    0.99     -0.14      0.054     0.055     1.1e-05  -1       
   0.14      0.99      0.0079    0.99     -0.14      0.054     0.055     2.3e-05  -1       
  -0.63     -0.11      0.77      0.57     -0.74      0.37      0.53      0.67      0.53    
  -0.63     -0.11      0.77      0.57     -0.74      0.37      0.53      0.67      0.53    
  -0.63     -0.1       0.77      0.56     -0.74      0.37      0.53      0.66      0.53    
  -0.99     -0.1       0.094     0.14     -0.74      0.66      0.0036    0.66      0.75    
  -0.094    -0.99      0.1      -0.66      0.14      0.74     -0.75      0.0036   -0.66    
  -0.094    -0.99      0.1      -0.66      0.14      0.74     -0.75      0.0036   -0.66    
  -0.093    -0.99      0.1      -0.66      0.14      0.74     -0.75      0.0034   -0.66    
  -0.094     0.99     -0.1      -0.66     -0.14     -0.74     -0.75     -0.0036    0.66    
   0.094     0.1      -0.99      0.66      0.74      0.14      0.75     -0.66      0.0036  
  -0.99      0.11     -0.095     0.14      0.74     -0.66     -1.1e-05  -0.67     -0.74    
  -0.99      0.11     -0.095     0.14      0.74     -0.66     -1.1e-05  -0.67     -0.74    
  -0.99      0.11     -0.095     0.14      0.74     -0.66     -9.1e-06  -0.67     -0.74    
  -0.63      0.11     -0.77      0.57      0.74     -0.37      0.53     -0.67     -0.53    
   0.14     -0.99     -0.0077    0.99      0.14     -0.053     0.054    -1.1e-05   1       
  -0.99     -0.0077    0.14      0.14     -0.053     0.99     -1.1e-05   1         0.054   
  -0.99     -0.14     -0.0077    0.14     -0.99     -0.053    -1.1e-05  -0.054     1       
  -0.8      -0.0077   -0.6      -0.6      -0.053     0.8      -0.038     1         0.038   
  -0.8      -0.0077   -0.6      -0.6      -0.053     0.8      -0.038     1         0.038   
  -0.8      -0.0077   -0.6      -0.6      -0.053     0.8      -0.038     1         0.038   
  -0.095     0.99     -0.11     -0.66     -0.14     -0.74     -0.74      1.1e-05   0.67    
   0.0077   -0.99      0.14      0.053     0.14      0.99     -1        -1.1e-05   0.054   
  -0.14     -0.0077   -0.99     -0.99     -0.053     0.14     -0.054     1        -1.1e-05 
  -0.99     -0.14     -0.0077    0.14     -0.99     -0.053    -1.1e-05  -0.054     1       
   0.99      0.14     -0.0077   -0.14      0.99     -0.053     1.1e-05   0.054     1       
   0.11     -0.99      0.095     0.74      0.14      0.66     -0.67     -1.1e-05   0.74    
   0.11     -0.99      0.095     0.74      0.14      0.66     -0.67     -1.1e-05   0.74    
   0.11     -0.99      0.095     0.74      0.14      0.66     -0.67     -0.00015   0.74    
   0.0079    0.99     -0.14      0.054    -0.14     -0.99     -1         1.1e-05  -0.055   

XIPOS
   0         0         0       
   0         0         0       
  -0.07     -0.19      0.14    
  -0.049    -0.041     0.11    
  -0.034     0.061     0.16    
   0.0032    0.056     0.16    
   0.022     0.053     0.16    
   0.059     0.048     0.16    
  -0.038     0.034     0.19    
  -0.04      0.02      0.2     
  -0.044    -0.008     0.23    
  -0.049    -0.05      0.26    
  -0.087    -0.045     0.26    
  -0.11     -0.042     0.26    
  -0.14     -0.037     0.26    
   0.025    -0.06      0.26    
   0.032    -0.0044    0.21    
  -0.03      0.089     0.14    
  -0.028     0.1       0.13    
  -0.024     0.13      0.1     
  -0.018     0.17      0.065   
  -0.16      0.0029    0.081   
  -0.16     -0.0011    0.16    
  -0.17     -0.071     0.077   
  -0.17     -0.073     0.11    
  -0.17     -0.074     0.13    
  -0.17     -0.076     0.17    
  -0.092    -0.082     0.077   
  -0.24     -0.06      0.077   
  -0.24     -0.065     0.15    
  -0.25     -0.13      0.073   
  -0.15      0.077     0.085   
  -0.18      0.082     0.085   
  -0.2       0.085     0.085   
  -0.24      0.09      0.085   
   0.067    -0.029     0.081   

XIMAT
   1         0         0         0         1         0         0         0         1       
   1         0         0         0         1         0         0         0         1       
   0.99      0.095    -0.11     -0.14      0.66     -0.74      1.1e-05   0.74      0.67    
   0.99      0.095    -0.11     -0.14      0.66     -0.74      1.1e-05   0.74      0.67    
   0.11      0.095     0.99      0.74      0.66     -0.14     -0.67      0.74      1.1e-05 
   0.095     0.99      0.11      0.66     -0.14      0.74      0.75      1.1e-05  -0.67    
   0.99     -0.14      0.0079   -0.14     -0.99      0.054     1.1e-05  -0.055    -1       
   0.99     -0.14      0.0079   -0.14     -0.99      0.054     2.3e-05  -0.055    -1       
  -0.99     -0.11      0.094     0.14     -0.74      0.66     -0.00074   0.67      0.74    
  -0.11      0.63      0.77     -0.74     -0.57      0.37      0.67     -0.53      0.53    
  -0.1       0.63      0.77     -0.74     -0.56      0.37      0.66     -0.53      0.53    
  -0.99     -0.1       0.094     0.14     -0.74      0.66      0.0036    0.66      0.75    
  -0.1      -0.99     -0.094    -0.74      0.14     -0.66      0.66      0.0036   -0.75    
  -0.99      0.094     0.1       0.14      0.66      0.74      0.0036    0.75     -0.66    
  -0.99      0.093     0.1       0.14      0.66      0.74      0.0034    0.75     -0.66    
  -0.094     0.99     -0.1      -0.66     -0.14     -0.74     -0.75     -0.0036    0.66    
   0.094     0.1      -0.99      0.66      0.74      0.14      0.75     -0.66      0.0036  
   0.095     0.11     -0.99      0.66      0.74      0.14      0.74     -0.67     -1.1e-05 
   0.11      0.99     -0.095     0.74     -0.14     -0.66     -0.67      1.1e-05  -0.74    
   0.11      0.99     -0.095     0.74     -0.14     -0.66     -0.67      9.1e-06  -0.74    
  -0.63      0.11     -0.77      0.57      0.74     -0.37      0.53     -0.67     -0.53    
   0.14     -0.99     -0.0077    0.99      0.14     -0.053     0.054    -1.1e-05   1       
  -0.99     -0.0077    0.14      0.14     -0.053     0.99     -1.1e-05   1         0.054   
  -0.99     -0.14     -0.0077    0.14     -0.99     -0.053    -1.1e-05  -0.054     1       
  -0.14     -0.0077   -0.99     -0.99     -0.053     0.14     -0.054     1        -6.4e-05 
  -0.0077    0.8      -0.6      -0.053     0.6       0.8       1         0.038     0.038   
  -0.0077    0.8      -0.6      -0.053     0.6       0.8       1         0.038     0.038   
  -0.095     0.99     -0.11     -0.66     -0.14     -0.74     -0.74      1.1e-05   0.67    
   0.0077   -0.99      0.14      0.053     0.14      0.99     -1        -1.1e-05   0.054   
  -0.14     -0.0077   -0.99     -0.99     -0.053     0.14     -0.054     1        -1.1e-05 
  -0.99     -0.14     -0.0077    0.14     -0.99     -0.053    -1.1e-05  -0.054     1       
   0.99      0.14     -0.0077   -0.14      0.99     -0.053     1.1e-05   0.054     1       
   0.0076   -0.99      0.14      0.053     0.14      0.99     -1        -1.1e-05   0.053   
  -0.99     -0.11      0.095     0.14     -0.74      0.66     -1.1e-05   0.67      0.74    
  -0.99     -0.11      0.095     0.14     -0.74      0.66     -0.00015   0.67      0.74    
   0.0079    0.99     -0.14      0.054    -0.14     -0.99     -1         1.1e-05  -0.055   

XANCHOR
  -0.056    -0.09      0.05    
   0.04      0.05      0.16    
  -0.042     0.0059    0.21    
  -0.12     -0.039     0.26    
  -0.026     0.12      0.11    
  -0.17     -0.075     0.15    
  -0.22      0.088     0.085   

XAXIS
   0         0         1       
   0.0079    0.054    -1       
   0.77      0.37      0.53    
   0.1       0.74     -0.66    
  -0.095    -0.66     -0.74    
  -0.6       0.8       0.038   
   0.095     0.66      0.74    

GEOM_XPOS
   0         0         0       
  -0.049    -0.041     0.11    
  -0.034     0.061     0.16    
   0.022     0.053     0.16    
   0.059     0.048     0.16    
  -0.04      0.02      0.2     
  -0.044    -0.008     0.23    
  -0.049    -0.05      0.26    
  -0.11     -0.042     0.26    
  -0.14     -0.037     0.26    
   0.025    -0.06      0.26    
   0.032    -0.0044    0.21    
  -0.028     0.1       0.13    
  -0.024     0.13      0.1     
  -0.018     0.17      0.065   
  -0.16      0.0029    0.081   
  -0.16     -0.0011    0.16    
  -0.17     -0.071     0.077   
  -0.17     -0.074     0.13    
  -0.17     -0.076     0.17    
  -0.092    -0.082     0.077   
  -0.24     -0.06      0.077   
  -0.24     -0.065     0.15    
  -0.25     -0.13      0.073   
  -0.15      0.077     0.085   
  -0.2       0.085     0.085   
  -0.24      0.09      0.085   
   0.067    -0.029     0.081   

GEOM_XMAT
   1         0         0         0         1         0         0         0         1       
   0.99      0.095    -0.11     -0.14      0.66     -0.74      1.1e-05   0.74      0.67    
   0.11      0.095     0.99      0.74      0.66     -0.14     -0.67      0.74      1.1e-05 
   0.99     -0.14      0.0079   -0.14     -0.99      0.054     1.1e-05  -0.055    -1       
   0.99     -0.14      0.0079   -0.14     -0.99      0.054     2.3e-05  -0.055    -1       
  -0.11      0.63      0.77     -0.74     -0.57      0.37      0.67     -0.53      0.53    
  -0.1       0.63      0.77     -0.74     -0.56      0.37      0.66     -0.53      0.53    
  -0.99     -0.1       0.094     0.14     -0.74      0.66      0.0036    0.66      0.75    
  -0.99      0.094     0.1       0.14      0.66      0.74      0.0036    0.75     -0.66    
  -0.99      0.093     0.1       0.14      0.66      0.74      0.0034    0.75     -0.66    
  -0.094     0.99     -0.1      -0.66     -0.14     -0.74     -0.75     -0.0036    0.66    
   0.094     0.1      -0.99      0.66      0.74      0.14      0.75     -0.66      0.0036  
   0.11      0.99     -0.095     0.74     -0.14     -0.66     -0.67      1.1e-05  -0.74    
   0.11      0.99     -0.095     0.74     -0.14     -0.66     -0.67      9.1e-06  -0.74    
  -0.63      0.11     -0.77      0.57      0.74     -0.37      0.53     -0.67     -0.53    
   0.14     -0.99     -0.0077    0.99      0.14     -0.053     0.054    -1.1e-05   1       
  -0.99     -0.0077    0.14      0.14     -0.053     0.99     -1.1e-05   1         0.054   
  -0.99     -0.14     -0.0077    0.14     -0.99     -0.053    -1.1e-05  -0.054     1       
  -0.0077    0.8      -0.6      -0.053     0.6       0.8       1         0.038     0.038   
  -0.0077    0.8      -0.6      -0.053     0.6       0.8       1         0.038     0.038   
  -0.095     0.99     -0.11     -0.66     -0.14     -0.74     -0.74      1.1e-05   0.67    
   0.0077   -0.99      0.14      0.053     0.14      0.99     -1        -1.1e-05   0.054   
  -0.14     -0.0077   -0.99     -0.99     -0.053     0.14     -0.054     1        -1.1e-05 
  -0.99     -0.14     -0.0077    0.14     -0.99     -0.053    -1.1e-05  -0.054     1       
   0.99      0.14     -0.0077   -0.14      0.99     -0.053     1.1e-05   0.054     1       
  -0.99     -0.11      0.095     0.14     -0.74      0.66     -1.1e-05   0.67      0.74    
  -0.99     -0.11      0.095     0.14     -0.74      0.66     -0.00015   0.67      0.74    
   0.0079    0.99     -0.14      0.054    -0.14     -0.99     -1         1.1e-05  -0.055   

SITE_XPOS
   0         0         0.1     
  -0.037     0.036     0.14    
  -0.052    -0.063     0.025   
  -0.12     -0.0024    0.081   
   0.03     -0.024     0.081   
  -0.057    -0.096     0.16    
  -0.041     0.015     0.056   
  -0.03      0.086     0.19    
  -0.038     0.034     0.19    
  -0.03      0.089     0.14    
   0.0032    0.056     0.16    
  -0.071     0.067     0.16    
   0.077     0.045     0.16    
  -0.046    -0.022     0.24    
  -0.053    -0.078     0.29    
  -0.012    -0.055     0.26    
  -0.087    -0.045     0.26    
  -0.046    -0.025     0.29    
  -0.053    -0.074     0.24    
  -0.16     -0.034     0.26    
   0.062    -0.065     0.26    
   0.028    -0.035     0.29    
   0.021    -0.085     0.24    
   0.021    -0.088     0.29    
   0.029    -0.032     0.24    
   0.036     0.023     0.19    
   0.029    -0.029     0.19    
   0.036     0.02      0.24    
  -0.0047    0.00078   0.21    
   0.07     -0.0095    0.21    
  -0.022     0.14      0.09    
  -0.014     0.2       0.039   
   0.0058    0.15      0.045   
  -0.042     0.19      0.084   
  -0.047     0.16      0.045   
   0.011     0.19      0.084   
  -0.19      0.0083    0.081   
  -0.16     -0.034     0.079   
  -0.15      0.04      0.083   
  -0.16      0.00092   0.12    
  -0.16      0.0049    0.043   
  -0.16     -0.0031    0.19    
  -0.12     -0.0064    0.16    
  -0.19      0.0043    0.16    
  -0.15      0.036     0.16    
  -0.16     -0.038     0.15    
  -0.17     -0.11      0.075   
  -0.13     -0.077     0.077   
  -0.2      -0.066     0.077   
  -0.17     -0.073     0.11    
  -0.17     -0.069     0.039   
  -0.17     -0.077     0.19    
  -0.055    -0.087     0.077   
  -0.089    -0.057     0.1     
  -0.096    -0.11      0.049   
  -0.096    -0.11      0.1     
  -0.088    -0.054     0.052   
  -0.28     -0.055     0.077   
  -0.24     -0.062     0.11    
  -0.24     -0.058     0.039   
  -0.24     -0.023     0.079   
  -0.25     -0.098     0.075   
  -0.24     -0.067     0.19    
  -0.24     -0.027     0.15    
  -0.25     -0.1       0.15    
  -0.28     -0.059     0.15    
  -0.2      -0.07      0.15    
  -0.26     -0.17      0.071   
  -0.21     -0.14      0.073   
  -0.29     -0.13      0.073   
  -0.25     -0.14      0.11    
  -0.25     -0.13      0.035   
  -0.14      0.11      0.087   
  -0.18      0.082     0.085   
  -0.11      0.072     0.085   
  -0.15      0.075     0.12    
  -0.14      0.079     0.047   
  -0.26      0.093     0.085   
   0.1      -0.035     0.081   
   0.066    -0.031     0.12    
   0.067    -0.027     0.043   
   0.061    -0.066     0.079   
   0.072     0.0079    0.083   

SITE_XMAT
   1         0         0         0         1         0         0         0         1       
   0.99      0.095    -0.11     -0.14      0.66     -0.74      1.1e-05   0.74      0.67    
  -0.99     -0.095    -0.11      0.14     -0.66     -0.74     -1.1e-05  -0.74      0.67    
   0.095    -0.99     -0.11      0.66      0.14     -0.74      0.74     -1.1e-05   0.67    
  -0.095     0.99     -0.11     -0.66     -0.14     -0.74     -0.74      1.1e-05   0.67    
   0.99     -0.11     -0.095    -0.14     -0.74     -0.66      1.1e-05   0.67     -0.74    
  -0.99      0.11     -0.095     0.14      0.74     -0.66     -1.1e-05  -0.67     -0.74    
   0.11      0.095     0.99      0.74      0.66     -0.14     -0.67      0.74      1.1e-05 
   0.095    -0.11      0.99      0.66     -0.74     -0.14      0.74      0.67      1.1e-05 
  -0.095     0.11      0.99     -0.66      0.74     -0.14     -0.74     -0.67      1.1e-05 
   0.11      0.99     -0.095     0.74     -0.14     -0.66     -0.67      1.1e-05  -0.74    
  -0.11     -0.99     -0.095    -0.74      0.14     -0.66      0.67     -1.1e-05  -0.74    
   0.14      0.99      0.0079    0.99     -0.14      0.054     0.055     2.3e-05  -1       
  -0.63     -0.1       0.77      0.56     -0.74      0.37      0.53      0.66      0.53    
  -0.99     -0.1       0.094     0.14     -0.74      0.66      0.0036    0.66      0.75    
  -0.1       0.99      0.094    -0.74     -0.14      0.66      0.66     -0.0036    0.75    
   0.1      -0.99      0.094     0.74      0.14      0.66     -0.66      0.0036    0.75    
  -0.99      0.094     0.1       0.14      0.66      0.74      0.0036    0.75     -0.66    
   0.99     -0.094     0.1      -0.14     -0.66      0.74     -0.0036   -0.75     -0.66    
  -0.093    -0.99      0.1      -0.66      0.14      0.74     -0.75      0.0034   -0.66    
  -0.094     0.99     -0.1      -0.66     -0.14     -0.74     -0.75     -0.0036    0.66    
   0.99      0.094    -0.1      -0.14      0.66     -0.74     -0.0036    0.75      0.66    
  -0.99     -0.094    -0.1       0.14     -0.66     -0.74      0.0036   -0.75      0.66    
  -0.094    -0.1      -0.99     -0.66     -0.74      0.14     -0.75      0.66      0.0036  
   0.094     0.1      -0.99      0.66      0.74      0.14      0.75     -0.66      0.0036  
   0.094     0.1      -0.99      0.66      0.74      0.14      0.75     -0.66      0.0036  
   0.1      -0.094    -0.99      0.74     -0.66      0.14     -0.66     -0.75      0.0036  
  -0.1       0.094    -0.99     -0.74      0.66      0.14      0.66      0.75      0.0036  
   0.094    -0.99     -0.1       0.66      0.14     -0.74      0.75      0.0036    0.66    
  -0.094     0.99     -0.1      -0.66     -0.14     -0.74     -0.75     -0.0036    0.66    
  -0.99      0.11     -0.095     0.14      0.74     -0.66     -9.1e-06  -0.67     -0.74    
  -0.63      0.11     -0.77      0.57      0.74     -0.37      0.53     -0.67     -0.53    
   0.11      0.63     -0.77      0.74     -0.57     -0.37     -0.67     -0.53     -0.53    
  -0.11     -0.63     -0.77     -0.74      0.57     -0.37      0.67      0.53     -0.53    
  -0.63     -0.77     -0.11      0.57     -0.37     -0.74      0.53     -0.53      0.67    
   0.63      0.77     -0.11     -0.57      0.37     -0.74     -0.53      0.53      0.67    
   0.14     -0.99     -0.0077    0.99      0.14     -0.053     0.054    -1.1e-05   1       
  -0.99     -0.14     -0.0077    0.14     -0.99     -0.053    -1.1e-05  -0.054     1       
   0.99      0.14     -0.0077   -0.14      0.99     -0.053     1.1e-05   0.054     1       
   0.14     -0.0077    0.99      0.99     -0.053    -0.14      0.054     1         1.1e-05 
  -0.14      0.0077    0.99     -0.99      0.053    -0.14     -0.054    -1         1.1e-05 
  -0.99     -0.0077    0.14      0.14     -0.053     0.99     -1.1e-05   1         0.054   
  -0.0077    0.99      0.14     -0.053    -0.14      0.99      1         1.1e-05   0.054   
   0.0077   -0.99      0.14      0.053     0.14      0.99     -1        -1.1e-05   0.054   
  -0.99      0.14      0.0077    0.14      0.99      0.053    -1.1e-05   0.054    -1       
   0.99     -0.14      0.0077   -0.14     -0.99      0.053     1.1e-05  -0.054    -1       
  -0.99     -0.14     -0.0077    0.14     -0.99     -0.053    -1.1e-05  -0.054     1       
  -0.14      0.99     -0.0077   -0.99     -0.14     -0.053    -0.054     1.1e-05   1       
   0.14     -0.99     -0.0077    0.99      0.14     -0.053     0.054    -1.1e-05   1       
  -0.99     -0.0077    0.14      0.14     -0.053     0.99     -1.1e-05   1         0.054   
   0.99      0.0077    0.14     -0.14      0.053     0.99      1.1e-05  -1         0.054   
  -0.8      -0.0077   -0.6      -0.6      -0.053     0.8      -0.038     1         0.038   
  -0.095     0.99     -0.11     -0.66     -0.14     -0.74     -0.74      1.1e-05   0.67    
   0.99      0.095    -0.11     -0.14      0.66     -0.74      1.1e-05   0.74      0.67    
  -0.99     -0.095    -0.11      0.14     -0.66     -0.74     -1.1e-05  -0.74      0.67    
  -0.095    -0.11     -0.99     -0.66     -0.74      0.14     -0.74      0.67     -1.1e-05 
   0.095     0.11     -0.99      0.66      0.74      0.14      0.74     -0.67     -1.1e-05 
   0.0077   -0.99      0.14      0.053     0.14      0.99     -1        -1.1e-05   0.054   
  -0.99     -0.0077    0.14      0.14     -0.053     0.99     -1.1e-05   1         0.054   
   0.99      0.0077    0.14     -0.14      0.053     0.99      1.1e-05  -1         0.054   
   0.0077    0.14      0.99      0.053     0.99     -0.14     -1         0.054     1.1e-05 
  -0.0077   -0.14      0.99     -0.053    -0.99     -0.14      1        -0.054     1.1e-05 
  -0.14     -0.0077   -0.99     -0.99     -0.053     0.14     -0.054     1        -1.1e-05 
  -0.0077    0.14     -0.99     -0.053     0.99      0.14      1         0.054    -1.1e-05 
   0.0077   -0.14     -0.99      0.053    -0.99      0.14     -1        -0.054    -1.1e-05 
  -0.14     -0.99      0.0077   -0.99      0.14      0.053    -0.054    -1.1e-05  -1       
   0.14      0.99      0.0077    0.99     -0.14      0.053     0.054     1.1e-05  -1       
  -0.99     -0.14     -0.0077    0.14     -0.99     -0.053    -1.1e-05  -0.054     1       
  -0.14      0.99     -0.0077   -0.99     -0.14     -0.053    -0.054     1.1e-05   1       
   0.14     -0.99     -0.0077    0.99      0.14     -0.053     0.054    -1.1e-05   1       
  -0.99     -0.0077    0.14      0.14     -0.053     0.99     -1.1e-05   1         0.054   
   0.99      0.0077    0.14     -0.14      0.053     0.99      1.1e-05  -1         0.054   
   0.99      0.14     -0.0077   -0.14      0.99     -0.053     1.1e-05   0.054     1       
   0.14     -0.99     -0.0077    0.99      0.14     -0.053     0.054    -1.1e-05   1       
  -0.14      0.99     -0.0077   -0.99     -0.14     -0.053    -0.054     1.1e-05   1       
   0.99     -0.0077   -0.14     -0.14     -0.053    -0.99      1.1e-05   1        -0.054   
  -0.99      0.0077   -0.14      0.14      0.053    -0.99     -1.1e-05  -1        -0.054   
   0.11     -0.99      0.095     0.74      0.14      0.66     -0.67     -0.00015   0.74    
   0.0079    0.99     -0.14      0.054    -0.14     -0.99     -1         1.1e-05  -0.055   
   0.99     -0.0079   -0.14     -0.14     -0.054    -0.99      1.1e-05   1        -0.055   
  -0.99      0.0079   -0.14      0.14      0.054    -0.99     -1.1e-05  -1        -0.055   
   0.0079   -0.14     -0.99      0.054    -0.99      0.14     -1        -0.055    -1.1e-05 
  -0.0079    0.14     -0.99     -0.054     0.99      0.14      1         0.055    -1.1e-05 

CAM_XPOS
  -5         0         5       
  -0.015    -3         1.8     
  -0.062    -0.13      0.087   

CAM_XMAT
   1.1e-16   0.71     -0.71     -1         1.7e-16  -5.6e-17   5.6e-17   0.71      0.71    
   1         0.0025   -0.0043   -0.005     0.51     -0.86     -4.3e-19   0.86      0.51    
  -0.99     -0.11      0.095     0.14     -0.74      0.66     -1.1e-05   0.67      0.74    

LIGHT_XPOS
   0         0         1       

LIGHT_XDIR
   0         0        -1       

SUBTREE_COM
  -0.073    -0.019     0.13    
   0         0         0       
  -0.073    -0.019     0.13    
  -0.073    -0.019     0.13    
  -0.026     0.029     0.19    
   0.028     0.052     0.16    
   0.022     0.053     0.16    
   0.059     0.048     0.16    
  -0.04     -0.024     0.24    
  -0.04      0.02      0.2     
  -0.04     -0.037     0.25    
  -0.04     -0.039     0.25    
  -0.11     -0.041     0.26    
  -0.11     -0.042     0.26    
  -0.14     -0.037     0.26    
   0.029    -0.032     0.24    
   0.032    -0.0044    0.21    
  -0.024     0.13      0.1     
  -0.028     0.1       0.13    
  -0.019     0.16      0.073   
  -0.018     0.17      0.065   
  -0.18     -0.027     0.1     
  -0.16     -0.0011    0.16    
  -0.19     -0.08      0.1     
  -0.17     -0.075     0.14    
  -0.17     -0.074     0.13    
  -0.17     -0.076     0.17    
  -0.092    -0.082     0.077   
  -0.24     -0.087     0.1     
  -0.24     -0.065     0.15    
  -0.25     -0.13      0.073   
  -0.18      0.083     0.085   
  -0.21      0.086     0.085   
  -0.2       0.085     0.085   
  -0.24      0.09      0.085   
   0.067    -0.029     0.081   

CDOF
   0         0         0         1         0         0       
   0         0         0         0         1         0       
   0         0         0         0         0         1       
   0.99     -0.14      1.1e-05  -0.011    -0.075     0.068   
   0.095     0.66      0.74     -0.0026   -0.02      0.018   
  -0.11     -0.74      0.67     -0.1      -0.0034   -0.02    
   0.0079    0.054    -1        -0.072     0.11      0.0056  
   0.77      0.37      0.53     -0.019     0.052    -0.0081  
   0.1       0.74     -0.66     -0.09     -0.02     -0.036   
  -0.095    -0.66     -0.74     -0.11      0.036    -0.018   
  -0.6       0.8       0.038    -0.023    -0.012    -0.11    
   0.095     0.66      0.74      0.11      0.11     -0.11    

CINERT
   0         0         0         0         0         0         0         0         0         0       
   0         0         0         0         0         0         0         0         0         0       
   0         0         0         0         0         0         0        -0         0         0       
   0.0063    0.0065    0.0065    0.00071   0.00067  -0.00059   0.033    -0.029    -0.027     1.4     
   0.00053   0.00023   0.00053  -0.00019  -8.9e-05  -0.00018   0.0023    0.0048    0.0023    0.059   
   0         0         0         0         0         0         0         0         0         0       
   0.00063   0.00095   0.0013   -0.00061  -0.00032  -0.00025   0.0083    0.0064    0.0034    0.088   
   0.00011   0.00032   0.00037  -0.00015  -8.4e-05  -4.3e-05   0.0022    0.0011    0.00064   0.016   
   0         0         0         0         0         0         0         0         0         0       
   0.00068   0.00064   0.00027  -0.00011  -0.00022  -0.00027   0.0029    0.0035    0.0067    0.088   
   0.00018   0.00019   2.3e-05  -5.4e-06  -4.9e-05  -2e-05     0.00048   0.00019   0.0017    0.016   
   0.0012    0.0012    0.00014   4.2e-05  -0.00019   0.00025   0.0014   -0.0018    0.0082    0.059   
   0         0         0         0         0         0        -0        -0         0         0       
   0.0018    0.0018    0.00017  -6.5e-05   0.00039   0.00028  -0.0028   -0.002     0.012     0.088   
   0.00033   0.0004    9e-05    -2e-05     0.00016   4e-05    -0.0011   -0.00029   0.0023    0.016   
   0.0013    0.0017    0.00072   0.00023  -0.0008    0.00033   0.0058   -0.0024    0.0082    0.059   
   0.00053   0.0012    0.00072  -9.4e-05  -0.00055  -7.9e-05   0.0062    0.00089   0.0052    0.059   
   0         0         0         0         0         0         0         0         0         0       
   0.0013    0.00021   0.0015   -0.00048  -4.8e-06  -1.6e-05   0.004     0.011     9.2e-05   0.088   
   0.00038   5.6e-05   0.00042  -0.00012   1.9e-05   5.8e-05   0.00081   0.0025   -0.0004    0.016   
   0.0024    0.00046   0.0024   -0.00062   0.0002    0.00069   0.0032    0.011    -0.0036    0.059   
   0.00021   0.00058   0.00049   0.00011  -0.00022   6e-05    -0.0049    0.0013   -0.0027    0.059   
   0.00013   0.00052   0.00049   9.1e-05   0.00015  -3.2e-05  -0.0049    0.0011    0.0018    0.059   
   0.00036   0.00072   0.00073  -0.00029  -0.00027  -0.00015  -0.0055   -0.0031   -0.0029    0.059   
   0         0         0         0         0         0        -0        -0        -0         0       
   0.0003    0.00082   0.0011   -0.00045   5.7e-05   3.3e-05  -0.0083   -0.0048    0.00061   0.088   
   9.1e-05   0.00019   0.00021  -8.8e-05   6.9e-05   4.1e-05  -0.0016   -0.00094   0.00073   0.016   
   0.00043   0.00022   0.00031  -7.2e-05  -5.7e-05  -0.00018  -0.0012   -0.0037   -0.0029    0.059   
   0.0003    0.0019    0.0018   -0.00041  -0.00049  -0.00012  -0.0099   -0.0024   -0.0029    0.059   
   0.00021   0.0018    0.0019   -0.00045   0.00026   6.8e-05  -0.01     -0.0027    0.0015    0.059   
   0.001     0.0021    0.0027   -0.0012   -0.00056  -0.00036  -0.011    -0.0068   -0.0031    0.059   
   0.00071   0.00046   0.00091   0.00041  -0.00018   0.00023  -0.0043    0.0057   -0.0024    0.059   
   0         0         0         0         0         0        -0         0        -0         0       
   0.0012    0.0016    0.0024    0.0012   -0.00046   0.00038  -0.011     0.0092   -0.0036    0.088   
   0.00023   0.00048   0.00065   0.0003   -0.00011   7.5e-05  -0.0027    0.0018   -0.00068   0.016   
   0.00018   0.0013    0.0012    8e-05     0.00037  -2.6e-05   0.0082   -0.00057  -0.0027    0.059   

ACTUATOR_LENGTH
  -0.00022 
   0.0093  
  -2.7e-06 
  -0.00023 
  -1.2e-05 
  -0.0002  

actuator_moment
--------------
       x      |
        x     |
          x   |
         x    |
           x  |
            x |
--------------

ACTUATOR_MOMENT
     6:  1       
     7:  1       
     9:  1       
     8:  1       
    10:  1       
    11:  1       

CRB
   0         0         0         0         0         0         0         0         0         0       
   0         0         0         0         0         0         0         0         0         0       
   0.023     0.029     0.03     -0.0023   -0.0023    0.00022   3.5e-17  -1.4e-17  -1e-16     2.8     
   0.023     0.029     0.03     -0.0023   -0.0023    0.00022   3.5e-17  -1.4e-17  -1e-16     2.8     
   0.011     0.0094    0.0086   -0.0022   -0.0015    0.00079   0.034     0.035     0.047     0.71    
   0.00074   0.0013    0.0017   -0.00075  -0.00041  -0.00029   0.011     0.0075    0.004     0.1     
   0.00063   0.00095   0.0013   -0.00061  -0.00032  -0.00025   0.0083    0.0064    0.0034    0.088   
   0.00011   0.00032   0.00037  -0.00015  -8.4e-05  -4.3e-05   0.0022    0.0011    0.00064   0.016   
   0.006     0.0072    0.0021   -2.2e-05  -0.0013    0.00053   0.013    -0.0019    0.044     0.39    
   0.00068   0.00064   0.00027  -0.00011  -0.00022  -0.00027   0.0029    0.0035    0.0067    0.088   
   0.0053    0.0065    0.0019    9.2e-05  -0.001     0.00079   0.0099   -0.0054    0.038     0.3     
   0.0052    0.0064    0.0018    9.7e-05  -0.00099   0.00081   0.0094   -0.0056    0.036     0.28    
   0.0021    0.0022    0.00026  -8.5e-05   0.00055   0.00032  -0.004    -0.0023    0.014     0.1     
   0.0018    0.0018    0.00017  -6.5e-05   0.00039   0.00028  -0.0028   -0.002     0.012     0.088   
   0.00033   0.0004    9e-05    -2e-05     0.00016   4e-05    -0.0011   -0.00029   0.0023    0.016   
   0.0018    0.0029    0.0014    0.00014  -0.0013    0.00025   0.012    -0.0015    0.013     0.12    
   0.00053   0.0012    0.00072  -9.4e-05  -0.00055  -7.9e-05   0.0062    0.00089   0.0052    0.059   
   0.0042    0.00073   0.0043   -0.0012    0.00021   0.00074   0.008     0.025    -0.0039    0.16    
   0.0013    0.00021   0.0015   -0.00048  -4.8e-06  -1.6e-05   0.004     0.011     9.2e-05   0.088   
   0.0028    0.00051   0.0028   -0.00074   0.00022   0.00075   0.0041    0.014    -0.004     0.076   
   0.0024    0.00046   0.0024   -0.00062   0.0002    0.00069   0.0032    0.011    -0.0036    0.059   
   0.0051    0.011     0.014    -0.00088  -0.0018    4.5e-05  -0.075    -0.0053   -0.017     0.68    
   0.00013   0.00052   0.00049   9.1e-05   0.00015  -3.2e-05  -0.0049    0.0011    0.0018    0.059   
   0.0027    0.0077    0.0087   -0.003    -0.001    -0.00067  -0.047    -0.024    -0.009     0.4     
   0.00039   0.001     0.0013   -0.00054   0.00013   7.4e-05  -0.0099   -0.0058    0.0013    0.1     
   0.0003    0.00082   0.0011   -0.00045   5.7e-05   3.3e-05  -0.0083   -0.0048    0.00061   0.088   
   9.1e-05   0.00019   0.00021  -8.8e-05   6.9e-05   4.1e-05  -0.0016   -0.00094   0.00073   0.016   
   0.00043   0.00022   0.00031  -7.2e-05  -5.7e-05  -0.00018  -0.0012   -0.0037   -0.0029    0.059   
   0.0015    0.0057    0.0064   -0.0021   -0.00079  -0.00041  -0.03     -0.012    -0.0045    0.18    
   0.00021   0.0018    0.0019   -0.00045   0.00026   6.8e-05  -0.01     -0.0027    0.0015    0.059   
   0.001     0.0021    0.0027   -0.0012   -0.00056  -0.00036  -0.011    -0.0068   -0.0031    0.059   
   0.0021    0.0026    0.004     0.0019   -0.00075   0.00069  -0.018     0.017    -0.0067    0.16    
   0.0014    0.0021    0.0031    0.0015   -0.00058   0.00045  -0.014     0.011    -0.0043    0.1     
   0.0012    0.0016    0.0024    0.0012   -0.00046   0.00038  -0.011     0.0092   -0.0036    0.088   
   0.00023   0.00048   0.00065   0.0003   -0.00011   7.5e-05  -0.0027    0.0018   -0.00068   0.016   
   0.00018   0.0013    0.0012    8e-05     0.00037  -2.6e-05   0.0082   -0.00057  -0.0027    0.059   

QM
   2.8     
   0         2.8     
   0         0         2.8     
  -0.031    -0.21      0.19      0.053   
  -0.0072   -0.056     0.051     0.0041    0.031   
  -0.29     -0.0096   -0.057     0.00068   0.0011    0.06    
  -4.4e-05  -0.00031  -1.7e-05   3.3e-05  -2.4e-05  -2.5e-05   0.001   
   0.011    -0.0083   -0.01      0.0012    0.0023   -0.0021              0.003   
   2.9e-05   0.0002    0.00023  -3.5e-05   1.8e-07  -3.4e-05            -1.6e-05   0.001   
   0.0047   -0.00068   4.3e-08  -2.4e-09  -0.00093  -0.00089                                 0.0014  
   0.00025   0.00018   1.2e-05  -3e-05     3.3e-06  -4e-05                                             0.001   
  -3.3e-05  -0.00023   0.00021   4e-05     6.9e-05  -6e-08                                                       0.001   

M
     0:  2.8     
     0:  0          1:  2.8     
     0:  0          1:  0          2:  2.8     
     0: -0.031      1: -0.21       2:  0.19       3:  0.053   
     0: -0.0072     1: -0.056      2:  0.051      3:  0.0041     4:  0.031   
     0: -0.29       1: -0.0096     2: -0.057      3:  0.00068    4:  0.0011     5:  0.06    
     0: -4.4e-05    1: -0.00031    2: -1.7e-05    3:  3.3e-05    4: -2.4e-05    5: -2.5e-05    6:  0.001   
     0:  0.011      1: -0.0083     2: -0.01       3:  0.0012     4:  0.0023     5: -0.0021     7:  0.003   
     0:  2.9e-05    1:  0.0002     2:  0.00023    3: -3.5e-05    4:  1.8e-07    5: -3.4e-05    7: -1.6e-05    8:  0.001   
     0:  0.0047     1: -0.00068    2:  4.3e-08    3: -2.4e-09    4: -0.00093    5: -0.00089    9:  0.0014  
     0:  0.00025    1:  0.00018    2:  1.2e-05    3: -3e-05      4:  3.3e-06    5: -4e-05     10:  0.001   
     0: -3.3e-05    1: -0.00023    2:  0.00021    3:  4e-05      4:  6.9e-05    5: -6e-08     11:  0.001   

QLD
     0:  1.4     
     0: -0.053      1:  1.6     
     0: -0.089      1:  0.42       2:  1.9     
     0: -0.52       1: -3.9        2:  3.6        3:  0.052   
     0: -0.08       1: -1.7        2:  2.1        3:  0.11       4:  0.029   
     0: -4.8        1: -0.27       2: -1.1        3:  0.026      4:  0.036      5:  0.058   
     0: -0.043      1: -0.3        2: -0.017      3:  0.032      4: -0.024      5: -0.024      6:  0.001   
     0:  3.6        1: -2.8        2: -3.4        3:  0.38       4:  0.75       5: -0.71       7:  0.003   
     0:  0.029      1:  0.2        2:  0.23       3: -0.034      4:  0.00018    5: -0.034      7: -0.016      8:  0.001   
     0:  3.4        1: -0.48       2:  3.1e-05    3: -1.7e-06    4: -0.67       5: -0.63       9:  0.0014  
     0:  0.24       1:  0.18       2:  0.012      3: -0.03       4:  0.0033     5: -0.039     10:  0.001   
     0: -0.033      1: -0.23       2:  0.2        3:  0.039      4:  0.069      5: -6e-05     11:  0.001   

QLDIAGINV
   0.73    
   0.63    
   0.53    
   19      
   35      
   17      
   9.9e+02 
   3.3e+02 
   9.9e+02 
   7.1e+02 
   9.9e+02 
   9.9e+02 

M: inertia structure
--------------
 x            |
 xx           |
 xxx          |
 xxxx         |
 xxxxx        |
 xxxxxx       |
 xxxxxxx      |
 xxxxxx x     |
 xxxxxx xx    |
 xxxxxx   x   |
 xxxxxx    x  |
 xxxxxx     x |
--------------

iM: block-diagonal inertia (nnzs are island ids)
--------------
 0            |
 00           |
 000          |
 0000         |
 00000        |
 000000       |
 0000000      |
 000000 0     |
 000000 00    |
 000000   0   |
 000000    0  |
 000000     0 |
--------------

QH
     0:  1.4     
     0: -0.053      1:  1.6     
     0: -0.089      1:  0.42       2:  1.9     
     0: -0.52       1: -3.9        2:  3.6        3:  0.052   
     0: -0.079      1: -1.8        2:  2.1        3:  0.11       4:  0.029   
     0: -4.8        1: -0.26       2: -1.1        3:  0.024      4:  0.034      5:  0.058   
     0: -0.03       1: -0.21       2: -0.012      3:  0.022      4: -0.017      5: -0.017      6:  0.0015  
     0:  3.2        1: -2.4        2: -2.9        3:  0.33       4:  0.65       5: -0.62       7:  0.0035  
     0:  0.02       1:  0.14       2:  0.16       3: -0.024      4:  0.00013    5: -0.023      7: -0.011      8:  0.0015  
     0:  2.5        1: -0.36       2:  2.3e-05    3: -1.3e-06    4: -0.5        5: -0.48       9:  0.0019  
     0:  0.17       1:  0.13       2:  0.0081     3: -0.021      4:  0.0022     5: -0.027     10:  0.0015  
     0: -0.022      1: -0.16       2:  0.14       3:  0.027      4:  0.047      5: -4.1e-05   11:  0.0015  

QHDIAGINV
   0.73    
   0.63    
   0.52    
   19      
   34      
   17      
   6.8e+02 
   2.9e+02 
   6.8e+02 
   5.4e+02 
   6.8e+02 
   6.8e+02 

TREE_AWAKE
  1

BODY_AWAKE
  -1 -1 1 1 1 1 1 1 1 1 1 1 1 1 1 1 1 1 1 1 1 1 1 1 1 1 1 1 1 1 1 1 1 1 1 1

BODY_AWAKE_IND
  0 1 2 3 4 5 6 7 8 9 10 11 12 13 14 15 16 17 18 19 20 21 22 23 24 25 26 27 28 29 30 31 32 33 34 35

PARENT_AWAKE_IND
  1 2 3 4 5 6 7 8 9 10 11 12 13 14 15 16 17 18 19 20 21 22 23 24 25 26 27 28 29 30 31 32 33 34 35

DOF_AWAKE_IND
  0 1 2 3 4 5 6 7 8 9 10 11

QDERIV
     0:  0          1:  0          2:  0          3:  0          4:  0          5:  0          6:  0          7:  0          8:  0          9:  0         10:  0         11:  0       
     0:  0          1:  0          2:  0          3:  0          4:  0          5:  0          6:  0          7:  0          8:  0          9:  0         10:  0         11:  0       
     0:  0          1:  0          2:  0          3:  0          4:  0          5:  0          6:  0          7:  0          8:  0          9:  0         10:  0         11:  0       
     0:  0          1:  0          2:  0          3:  0          4:  0          5:  0          6:  0          7:  0          8:  0          9:  0         10:  0         11:  0       
     0:  0          1:  0          2:  0          3:  0          4:  0          5:  0          6:  0          7:  0          8:  0          9:  0         10:  0         11:  0       
     0:  0          1:  0          2:  0          3:  0          4:  0          5:  0          6:  0          7:  0          8:  0          9:  0         10:  0         11:  0       
     0:  0          1:  0          2:  0          3:  0          4:  0          5:  0          6: -0.23    
     0:  0          1:  0          2:  0          3:  0          4:  0          5:  0          7: -0.23       8:  0       
     0:  0          1:  0          2:  0          3:  0          4:  0          5:  0          7:  0          8: -0.23    
     0:  0          1:  0          2:  0          3:  0          4:  0          5:  0          9: -0.23    
     0:  0          1:  0          2:  0          3:  0          4:  0          5:  0         10: -0.23    
     0:  0          1:  0          2:  0          3:  0          4:  0          5:  0         11: -0.23    

CONTACT
  0:
     dim           3
     geoms         floor : robot1_core
     exclude       0
     efc_address   6
     solref         0.0095    1       
     solimp         0.9       0.95      0.001     0.5       2       
     dist          -3e-06   
     includemargin  0       
     pos           -0.12     -0.024    -1.5e-06 
     frame          0         0         1         0         1         0        -1         0         0       
     friction       0.45      0.45      0.05      0.0001    0.0001  
     mu             0.26    
     force          18       -1e-06     5.5e-07   0         0         0       
  1:
     dim           3
     geoms         floor : robot1_core
     exclude       0
     efc_address   10
     solref         0.0095    1       
     solimp         0.9       0.95      0.001     0.5       2       
     dist          -1.3e-06 
     includemargin  0       
     pos            0.026    -0.046    -6.6e-07 
     frame          0         0         1         0         1         0        -1         0         0       
     friction       0.45      0.45      0.05      0.0001    0.0001  
     mu             0.26    
     force          8         1.1e-06   2.4e-07   0         0         0       
  2:
     dim           3
     geoms         floor : robot1_8-11-0-brick
     exclude       0
     efc_address   14
     solref         0.0095    1       
     solimp         0.9       0.95      0.001     0.5       2       
     dist          -1.7e-06 
     includemargin  0       
     pos           -0.019     0.16     -8.4e-07 
     frame          0         0         1         0         1         0        -1         0         0       
     friction       0.45      0.45      0.05      0.0001    0.0001  
     mu             0.26    
     force          1.6      -1.1e-07  -7.9e-07   0         0         0       
  3:
     dim           3
     geoms         robot1_1-2-4-rotor : robot1_16-18-5-brick
     exclude       0
     efc_address   18
     solref         0.014     1       
     solimp         0.9       0.95      0.001     0.5       2       
     dist          -1.7e-07 
     includemargin  0       
     pos            0.073     0.018     0.19    
     frame         -0.11     -0.74      0.66      0.094     0.66      0.75     -0.99      0.14      0       
     friction       0.45      0.45      0.05      0.0001    0.0001  
     mu             0.26    
     force          0.09      4e-12     1.1e-11   0         0         0       

EFC_TYPE
  1
  1
  1
  1
  1
  1
  6
  6
  6
  6
  6
  6
  6
  6
  6
  6
  6
  6
  6
  6
  6
  6

EFC_ID
  6
  7
  8
  9
  10
  11
  0
  0
  0
  0
  1
  1
  1
  1
  2
  2
  2
  2
  3
  3
  3
  3

EFC_J
   0         0         0         0         0         0         1         0         0         0         0         0       
   0         0         0         0         0         0         0         1         0         0         0         0       
   0         0         0         0         0         0         0         0         1         0         0         0       
   0         0         0         0         0         0         0         0         0         1         0         0       
   0         0         0         0         0         0         0         0         0         0         1         0       
   0         0         0         0         0         0         0         0         0         0         0         1       
   0         0.45      1         0.078     0.03     -0.078     0         0         0         0         0         0       
   0        -0.45      1         0.034     0.07     -0.034     0         0         0         0         0         0       
  -0.45      0         1         0.053     0.087    -0.053     0         0         0         0         0         0       
   0.45      0         1         0.059     0.013    -0.059     0         0         0         0         0         0       
   0         0.45      1         0.078    -0.02      0.078     0         0         0         0         0         0       
   0        -0.45      1         0.034    -0.08      0.034     0         0         0         0         0         0       
  -0.45      0         1         0.053    -0.02      0.053     0         0         0         0         0         0       
   0.45      0         1         0.059    -0.08      0.059     0         0         0         0         0         0       
   0         0.45      1         0.28      0.014     0.0086    0         0         0        -0.0072    0         0       
   0        -0.45      1         0.23     -0.014    -0.0086    0         0         0         0.0072    0         0       
  -0.45      0         1         0.25      0.1       0.06      0         0         0        -0.05      0         0       
   0.45      0         1         0.26     -0.1      -0.06      0         0         0         0.05      0         0       
   0         0         0         0         0         0        -0.015    -0.068     0         0         0         0       
   0         0         0         0         0         0        -0.038    -0.092     0         0         0         0       
   0         0         0         0         0         0        -0.038    -0.067     0         0         0         0       
   0         0         0         0         0         0        -0.015    -0.092     0         0         0         0       

IEFC_J
   0         0         0         0         0         0         1         0         0         0         0         0       
   0         0         0         0         0         0         0         1         0         0         0         0       
   0         0         0         0         0         0         0         0         1         0         0         0       
   0         0         0         0         0         0         0         0         0         1         0         0       
   0         0         0         0         0         0         0         0         0         0         1         0       
   0         0         0         0         0         0         0         0         0         0         0         1       
   0         0.45      1         0.078     0.03     -0.078     0         0         0         0         0         0       
   0        -0.45      1         0.034     0.07     -0.034     0         0         0         0         0         0       
  -0.45      0         1         0.053     0.087    -0.053     0         0         0         0         0         0       
   0.45      0         1         0.059     0.013    -0.059     0         0         0         0         0         0       
   0         0.45      1         0.078    -0.02      0.078     0         0         0         0         0         0       
   0        -0.45      1         0.034    -0.08      0.034     0         0         0         0         0         0       
  -0.45      0         1         0.053    -0.02      0.053     0         0         0         0         0         0       
   0.45      0         1         0.059    -0.08      0.059     0         0         0         0         0         0       
   0         0.45      1         0.28      0.014     0.0086    0         0         0        -0.0072    0         0       
   0        -0.45      1         0.23     -0.014    -0.0086    0         0         0         0.0072    0         0       
  -0.45      0         1         0.25      0.1       0.06      0         0         0        -0.05      0         0       
   0.45      0         1         0.26     -0.1      -0.06      0         0         0         0.05      0         0       
   0         0         0         0         0         0        -0.015    -0.068     0         0         0         0       
   0         0         0         0         0         0        -0.038    -0.092     0         0         0         0       
   0         0         0         0         0         0        -0.038    -0.067     0         0         0         0       
   0         0         0         0         0         0        -0.015    -0.092     0         0         0         0       

EFC_POS
   0       
   0       
   0       
   0       
   0       
   0       
  -3e-06   
  -3e-06   
  -3e-06   
  -3e-06   
  -1.3e-06 
  -1.3e-06 
  -1.3e-06 
  -1.3e-06 
  -1.7e-06 
  -1.7e-06 
  -1.7e-06 
  -1.7e-06 
  -1.7e-07 
  -1.7e-07 
  -1.7e-07 
  -1.7e-07 

EFC_MARGIN
   0       
   0       
   0       
   0       
   0       
   0       
   0       
   0       
   0       
   0       
   0       
   0       
   0       
   0       
   0       
   0       
   0       
   0       
   0       
   0       
   0       
   0       

EFC_FRICTIONLOSS
   0.05    
   0.05    
   0.05    
   0.05    
   0.05    
   0.05    
   0       
   0       
   0       
   0       
   0       
   0       
   0       
   0       
   0       
   0       
   0       
   0       
   0       
   0       
   0       
   0       

EFC_DIAGAPPROX
   9.9e+02 
   3.9e+02 
   9.9e+02 
   7.4e+02 
   9.9e+02 
   9.9e+02 
   0.065   
   0.065   
   0.065   
   0.065   
   0.065   
   0.065   
   0.065   
   0.065   
   0.41    
   0.41    
   0.41    
   0.41    
   0.35    
   0.35    
   0.35    
   0.35    

EFC_KBIP
   0         1.1e+02   0.9       0       
   0         1.1e+02   0.9       0       
   0         1.1e+02   0.9       0       
   0         1.1e+02   0.9       0       
   0         1.1e+02   0.9       0       
   0         1.1e+02   0.9       0       
   1.2e+04   2.2e+02   0.9      -0.59    
   1.2e+04   2.2e+02   0.9      -0.59    
   1.2e+04   2.2e+02   0.9      -0.59    
   1.2e+04   2.2e+02   0.9      -0.59    
   1.2e+04   2.2e+02   0.9      -0.26    
   1.2e+04   2.2e+02   0.9      -0.26    
   1.2e+04   2.2e+02   0.9      -0.26    
   1.2e+04   2.2e+02   0.9      -0.26    
   1.2e+04   2.2e+02   0.9      -0.34    
   1.2e+04   2.2e+02   0.9      -0.34    
   1.2e+04   2.2e+02   0.9      -0.34    
   1.2e+04   2.2e+02   0.9      -0.34    
   5.7e+03   1.5e+02   0.9      -0.034   
   5.7e+03   1.5e+02   0.9      -0.034   
   5.7e+03   1.5e+02   0.9      -0.034   
   5.7e+03   1.5e+02   0.9      -0.034   

EFC_D
   0.0091  
   0.023   
   0.0091  
   0.012   
   0.0091  
   0.0091  
   1.4e+02 
   1.4e+02 
   1.4e+02 
   1.4e+02 
   1.4e+02 
   1.4e+02 
   1.4e+02 
   1.4e+02 
   22      
   22      
   22      
   22      
   26      
   26      
   26      
   26      

EFC_R
   1.1e+02 
   44      
   1.1e+02 
   82      
   1.1e+02 
   1.1e+02 
   0.0073  
   0.0073  
   0.0073  
   0.0073  
   0.0073  
   0.0073  
   0.0073  
   0.0073  
   0.046   
   0.046   
   0.046   
   0.046   
   0.039   
   0.039   
   0.039   
   0.039   

ACTUATOR_VELOCITY
   3.5e-14 
  -2.7e-14 
  -6e-09   
  -7.7e-16 
  -4.5e-16 
   7.2e-16 

CVEL
   0         0         0         0         0         0       
   0         0         0         0         0         0       
  -4.8e-13   8.4e-14  -1.2e-09   5e-11     2.5e-11  -2.9e-15 
  -4.8e-13   8.4e-14  -1.2e-09   5e-11     2.5e-11  -2.9e-15 
  -4.8e-13   8.4e-14  -1.2e-09   5e-11     2.5e-11  -2.9e-15 
  -4.8e-13   8.4e-14  -1.2e-09   5e-11     2.5e-11  -2.9e-15 
  -4.8e-13   8.4e-14  -1.2e-09   5e-11     2.5e-11  -2.9e-15 
  -4.8e-13   8.6e-14  -1.2e-09   5e-11     2.5e-11  -2.7e-15 
  -4.8e-13   8.4e-14  -1.2e-09   5e-11     2.5e-11  -2.9e-15 
  -4.8e-13   8.4e-14  -1.2e-09   5e-11     2.5e-11  -2.9e-15 
  -5e-13     7.4e-14  -1.2e-09   5e-11     2.5e-11  -2.7e-15 
  -5e-13     7.4e-14  -1.2e-09   5e-11     2.5e-11  -2.7e-15 
  -5e-13     7.4e-14  -1.2e-09   5e-11     2.5e-11  -2.7e-15 
  -5e-13     7.4e-14  -1.2e-09   5e-11     2.5e-11  -2.7e-15 
  -5e-13     7.3e-14  -1.2e-09   5e-11     2.5e-11  -2.6e-15 
  -5e-13     7.4e-14  -1.2e-09   5e-11     2.5e-11  -2.7e-15 
  -5e-13     7.4e-14  -1.2e-09   5e-11     2.5e-11  -2.7e-15 
  -4.8e-13   8.4e-14  -1.2e-09   5e-11     2.5e-11  -2.9e-15 
  -4.8e-13   8.4e-14  -1.2e-09   5e-11     2.5e-11  -2.9e-15 
   5.7e-10   4e-09     3.3e-09   7e-10    -1.9e-10   1.1e-10 
   5.7e-10   4e-09     3.3e-09   7e-10    -1.9e-10   1.1e-10 
  -4.8e-13   8.4e-14  -1.2e-09   5e-11     2.5e-11  -2.9e-15 
  -4.8e-13   8.4e-14  -1.2e-09   5e-11     2.5e-11  -2.9e-15 
  -4.8e-13   8.4e-14  -1.2e-09   5e-11     2.5e-11  -2.9e-15 
  -4.8e-13   8.4e-14  -1.2e-09   5e-11     2.5e-11  -2.9e-15 
  -4.8e-13   8.4e-14  -1.2e-09   5e-11     2.5e-11  -2.9e-15 
  -4.8e-13   8.3e-14  -1.2e-09   5e-11     2.5e-11  -2.8e-15 
  -4.8e-13   8.4e-14  -1.2e-09   5e-11     2.5e-11  -2.9e-15 
  -4.8e-13   8.4e-14  -1.2e-09   5e-11     2.5e-11  -2.9e-15 
  -4.8e-13   8.4e-14  -1.2e-09   5e-11     2.5e-11  -2.9e-15 
  -4.8e-13   8.4e-14  -1.2e-09   5e-11     2.5e-11  -2.9e-15 
  -4.8e-13   8.4e-14  -1.2e-09   5e-11     2.5e-11  -2.9e-15 
  -4.8e-13   8.4e-14  -1.2e-09   5e-11     2.5e-11  -2.9e-15 
  -4.8e-13   8.4e-14  -1.2e-09   5e-11     2.5e-11  -2.9e-15 
  -4.8e-13   8.4e-14  -1.2e-09   5e-11     2.5e-11  -3e-15   
  -4.8e-13   8.4e-14  -1.2e-09   5e-11     2.5e-11  -2.9e-15 

CDOF_DOT
   0         0         0         0         0         0       
   0         0         0         0         0         0       
   0         0         0         0         0         0       
   0         0        -0         4.3e-15   3e-14    -2.4e-14 
   0         0         0         3.4e-12   2.4e-11  -2.2e-11 
   0        -0         0         3.1e-12   2.1e-11   2.4e-11 
   6.3e-11  -9.6e-12  -2.7e-14   1.1e-10   1.3e-10   2.5e-12 
   4.2e-10  -8.9e-10  -2.4e-13   7.3e-11  -4.2e-12  -5.2e-13 
   8.6e-10  -1.2e-10  -3.8e-13  -3.9e-11   1.4e-10   3.5e-11 
  -7.6e-10   1.1e-10   3.3e-13   2.3e-11   1.6e-10  -3.1e-11 
   9.2e-10   6.9e-10  -3.3e-13  -1.3e-11   2.4e-11   5.5e-11 
   7.6e-10  -1.1e-10  -3.3e-13   1.4e-10  -1.6e-10   3.1e-11 

QFRC_BIAS
   5.6e-20 
  -3.3e-19 
   28      
   1.9     
   0.5     
  -0.56    
  -0.00017 
  -0.1     
   0.0023  
   4.3e-07 
   0.00012 
   0.002   

QFRC_SPRING
   0       
   0       
   0       
   0       
   0       
   0       
   0       
   0       
   0       
   0       
   0       
   0       

QFRC_DAMPER
   0       
   0       
   0       
   0       
   0       
   0       
  -7.9e-15 
   6.1e-15 
   1.7e-16 
   1.4e-09 
   1e-16   
  -1.6e-16 

QFRC_GRAVCOMP
   0       
   0       
   0       
   0       
   0       
   0       
   0       
   0       
   0       
   0       
   0       
   0       

QFRC_FLUID
   0       
   0       
   0       
   0       
   0       
   0       
   0       
   0       
   0       
   0       
   0       
   0       

QFRC_PASSIVE
   0       
   0       
   0       
   0       
   0       
   0       
  -7.9e-15 
   6.1e-15 
   1.7e-16 
   1.4e-09 
   1e-16   
  -1.6e-16 

EFC_VEL
   3.5e-14 
  -2.7e-14 
  -7.7e-16 
  -6e-09   
  -4.5e-16 
   7.2e-16 
   3.7e-11 
  -3.7e-11 
  -2e-11   
   2e-11   
  -4.1e-11 
   4.1e-11 
  -8.8e-12 
   8.8e-12 
   2.6e-11 
  -2.6e-11 
   1.8e-10 
  -1.8e-10 
   1.3e-15 
   1.1e-15 
   4.8e-16 
   1.9e-15 

EFC_AREF
  -3.7e-12 
   2.8e-12 
   8.1e-14 
   6.3e-07 
   4.8e-14 
  -7.5e-14 
   0.033   
   0.033   
   0.033   
   0.033   
   0.015   
   0.015   
   0.015   
   0.015   
   0.019   
   0.019   
   0.019   
   0.019   
   0.00088 
   0.00088 
   0.00088 
   0.00088 

SUBTREE_LINVEL
   0         0         0       
   0         0         0       
   0         0         0       
   0         0         0       
   0         0         0       
   0         0         0       
   0         0         0       
   0         0         0       
   0         0         0       
   0         0         0       
   0         0         0       
   0         0         0       
   0         0         0       
   0         0         0       
   0         0         0       
   0         0         0       
   0         0         0       
   0         0         0       
   0         0         0       
   0         0         0       
   0         0         0       
   0         0         0       
   0         0         0       
   0         0         0       
   0         0         0       
   0         0         0       
   0         0         0       
   0         0         0       
   0         0         0       
   0         0         0       
   0         0         0       
   0         0         0       
   0         0         0       
   0         0         0       
   0         0         0       
   0         0         0       

SUBTREE_ANGMOM
   0         0         0       
   0         0         0       
   0         0         0       
   0         0         0       
   0         0         0       
   0         0         0       
   0         0         0       
   0         0         0       
   0         0         0       
   0         0         0       
   0         0         0       
   0         0         0       
   0         0         0       
   0         0         0       
   0         0         0       
   0         0         0       
   0         0         0       
   0         0         0       
   0         0         0       
   0         0         0       
   0         0         0       
   0         0         0       
   0         0         0       
   0         0         0       
   0         0         0       
   0         0         0       
   0         0         0       
   0         0         0       
   0         0         0       
   0         0         0       
   0         0         0       
   0         0         0       
   0         0         0       
   0         0         0       
   0         0         0       
   0         0         0       

ACTUATOR_FORCE
   0.0022  
  -0.093   
   2.7e-05 
   0.0023  
   0.00012 
   0.002   

QFRC_ACTUATOR
   0       
   0       
   0       
   0       
   0       
   0       
   0.0022  
  -0.093   
   0.0023  
   2.7e-05 
   0.00012 
   0.002   

QFRC_SMOOTH
  -5.6e-20 
   3.3e-19 
  -28      
  -1.9     
  -0.5     
   0.56    
   0.0024  
   0.0071  
  -1.4e-14 
   2.7e-05 
  -9e-15   
   1.4e-14 

QACC_SMOOTH
  -0.0027  
   0.15    
  -10      
   2.6     
   3.3     
  -1.7     
   2.2     
  -36      
   1.7     
   1.2     
   0.092   
   1.8     

EFC_B
   2.2     
  -36      
   1.7     
   1.2     
   0.092   
   1.8     
  -9.7     
  -9.9     
  -9.7     
  -9.9     
  -10      
  -11      
  -10      
  -10      
  -9.4     
  -9.7     
  -9.4     
  -9.7     
   2.4     
   3.2     
   2.4     
   3.3     

EFC_FORCE
  -9.4e-14 
   5.8e-13 
  -2.1e-15 
   7.6e-09 
  -3.5e-15 
   2.2e-14 
   4.5     
   4.5     
   4.5     
   4.5     
   2       
   2       
   2       
   2       
   0.41    
   0.41    
   0.41    
   0.41    
   0.022   
   0.022   
   0.022   
   0.022   

EFC_STATE
  1
  2
  1
  1
  1
  1
  1
  1
  1
  1
  1
  1
  1
  1
  1
  1
  1
  1
  0
  0
  0
  0

QFRC_CONSTRAINT
  -6.8e-11 
  -4.5e-11 
   28      
   1.9     
   0.5     
  -0.56    
  -0.0024  
  -0.0071  
  -2.1e-15 
  -2.7e-05 
  -3.5e-15 
   2.2e-14 

QFRC_INVERSE
   0       
   0       
   0       
   0       
   0       
   0       
   0       
   0       
   0       
   0       
   0       
   0       

CACC
   0         0         0         0         0         0       
   0         0         0         0         0         0       
   0         0         0         0         0         0       
   0         0         0         0         0         0       
   0         0         0         0         0         0       
   0         0         0         0         0         0       
   0         0         0         0         0         0       
   0         0         0         0         0         0       
   0         0         0         0         0         0       
   0         0         0         0         0         0       
   0         0         0         0         0         0       
   0         0         0         0         0         0       
   0         0         0         0         0         0       
   0         0         0         0         0         0       
   0         0         0         0         0         0       
   0         0         0         0         0         0       
   0         0         0         0         0         0       
   0         0         0         0         0         0       
   0         0         0         0         0         0       
   0         0         0         0         0         0       
   0         0         0         0         0         0       
   0         0         0         0         0         0       
   0         0         0         0         0         0       
   0         0         0         0         0         0       
   0         0         0         0         0         0       
   0         0         0         0         0         0       
   0         0         0         0         0         0       
   0         0         0         0         0         0       
   0         0         0         0         0         0       
   0         0         0         0         0         0       
   0         0         0         0         0         0       
   0         0         0         0         0         0       
   0         0         0         0         0         0       
   0         0         0         0         0         0       
   0         0         0         0         0         0       
   0         0         0         0         0         0       

CFRC_INT
   0         0         0         0         0         0       
   0         0         0         0         0         0       
   0         0         0         0         0         0       
   0         0         0         0         0         0       
   0         0         0         0         0         0       
   0         0         0         0         0         0       
   0         0         0         0         0         0       
   0         0         0         0         0         0       
   0         0         0         0         0         0       
   0         0         0         0         0         0       
   0         0         0         0         0         0       
   0         0         0         0         0         0       
   0         0         0         0         0         0       
   0         0         0         0         0         0       
   0         0         0         0         0         0       
   0         0         0         0         0         0       
   0         0         0         0         0         0       
   0         0         0         0         0         0       
   0         0         0         0         0         0       
   0         0         0         0         0         0       
   0         0         0         0         0         0       
   0         0         0         0         0         0       
   0         0         0         0         0         0       
   0         0         0         0         0         0       
   0         0         0         0         0         0       
   0         0         0         0         0         0       
   0         0         0         0         0         0       
   0         0         0         0         0         0       
   0         0         0         0         0         0       
   0         0         0         0         0         0       
   0         0         0         0         0         0       
   0         0         0         0         0         0       
   0         0         0         0         0         0       
   0         0         0         0         0         0       
   0         0         0         0         0         0       
   0         0         0         0         0         0       

CFRC_EXT
   0         0         0         0         0         0       
   0         0         0         0         0         0       
   0         0         0         0         0         0       
   0         0         0         0         0         0       
   0         0         0         0         0         0       
   0         0         0         0         0         0       
   0         0         0         0         0         0       
   0         0         0         0         0         0       
   0         0         0         0         0         0       
   0         0         0         0         0         0       
   0         0         0         0         0         0       
   0         0         0         0         0         0       
   0         0         0         0         0         0       
   0         0         0         0         0         0       
   0         0         0         0         0         0       
   0         0         0         0         0         0       
   0         0         0         0         0         0       
   0         0         0         0         0         0       
   0         0         0         0         0         0       
   0         0         0         0         0         0       
   0         0         0         0         0         0       
   0         0         0         0         0         0       
   0         0         0         0         0         0       
   0         0         0         0         0         0       
   0         0         0         0         0         0       
   0         0         0         0         0         0       
   0         0         0         0         0         0       
   0         0         0         0         0         0       
   0         0         0         0         0         0       
   0         0         0         0         0         0       
   0         0         0         0         0         0       
   0         0         0         0         0         0       
   0         0         0         0         0         0       
   0         0         0         0         0         0       
   0         0         0         0         0         0       
   0         0         0         0         0         0       

TREE_ISLAND
  0

ISLAND_NTREE
  1

ISLAND_ITREEADR
  0

MAP_ITREE2TREE
  0

DOF_ISLAND            0 0 0 0 0 0 0 0 0 0 0 0

ISLAND_NV             12

ISLAND_IDOFADR        0

MAP_IDOF2DOF          0 1 2 3 4 5 6 7 8 9 10 11

EFC_ISLAND            0 0 0 0 0 0 0 0 0 0 0 0 0 0 0 0 0 0 0 0 0 0

ISLAND_NEFC           22

ISLAND_IEFCADR        0

MAP_IEFC2EFC          0 1 2 3 4 5 6 7 8 9 10 11 12 13 14 15 16 17 18 19 20 21

